66

83

99

104

109

164

263

266

276

306

337

343

418

432

462

489

558

590

620

672

719

741

752

823

919

977

994

1004

1086

1088

1117

1130

1219

1245

1289

1357

1436

1519

1525

1560

1597

1678

1703

1795

1885

1921

1976

2012

2046

2126

2209

2261

2355

2403

2478

2559

2605

2704

2758

2796

2859

2881

2957

2998

3076

3098

3188

3232

3260

3334

3427

3524

3596

3611

3646

3722

3764

3790

3863

3867

3932

3993

4001

4026

4094

4156

4199

4228

4271

4355

4386

4454

4551

4559

4578

4674

4735

4746

4833

4905